 V1_HR_fix      0  1.57e+12  238.8    2.34e+10   8.2   173.6
 V1_HR_fix   5282  1.02e+12  206.8    1.07e+10   6.2   124.3
 V4_HR_fix  12081  1.16e+12  216.2    1.06e+10   5.0   155.3
 V4_HR_fix      0  1.12e+12  213.7    1.58e+10   4.7   148.8
 S5_HR_fix      0  9.02e+11  198.5    1.02e+10   3.3   150.4
 S5_HR_fix   4114  7.81e+11  189.3    8.93e+09   4.2   136.5
 V6_HR_fix      0  2.04e+12  260.6    2.23e+10   5.5   172.6
 V6_HR_fix      1  1.07e+12  210.3    1.25e+10   7.4   136.7
 S4_HR_fix      0  1.43e+12  231.5    2.16e+10   6.7   163.6
 S4_HR_fix      1  4.74e+11  160.1    1.03e+10   6.2   121.0
